-68.    22808846.   10015788.

-60.    22816543.   9984322.

-52.    22894292.   10014971.

-44.    22973478.   10010529.

-36.    22912875.   10016636.

-28.    22893751.   10005125.

-20.    22935897.   10020853.

-12.    22939637.   10027062.

-4.     22979177.   10058783.

4.      23026640.   10057023.

12.     23007419.   10013105.

20.     23008234.   10081669.

28.     22900438.   10026136.

36.     22998601.   9999649.

44.     22937649.   9978011.

52.     22905855.   10015280.

60.     22841436.   10019483.

68.     22871199.   9989172.

76.     22859594.   10018213.

84.     22766080.   9986849.

92.     22748632.   9966610.

100.    22685744.   9876339.

108.    22681228.   9916287.

116.    22608506.   9927309.

124.    22656619.   9844314.

132.    22543679.   9843898.

140.    22598550.   9813171.

148.    22509283.   9828822.

156.    22475961.   9854764.

164.    22440108.   9804947.

172.    22411721.   9773965.

180.    22307810.   9807406.

188.    22294086.   9757517.

196.    22276154.   9728160.

204.    22183878.   9736083.

212.    22213399.   9697977.

220.    22097866.   9643731.

228.    22092709.   9659203.

236.    22049377.   9640604.

244.    22069087.   9655275.

252.    21943638.   9541602.

260.    21890812.   9630179.

268.    21828350.   9559946.

276.    21853377.   9528385.

284.    21781530.   9536226.

292.    21737531.   9505007.

300.    21692120.   9500269.

308.    21642344.   9458285.

316.    21687272.   9494138.

324.    21625902.   9502202.

332.    21534391.   9402391.

340.    21509888.   9424348.

348.    21445838.   9401494.

356.    21438183.   9387869.

364.    21391942.   9363563.

372.    21337151.   9358101.

380.    21334241.   9337648.

388.    21279751.   9357023.

396.    21221286.   9337536.

404.    21204189.   9279520.

412.    21154427.   9202275.

420.    21141744.   9210165.

428.    21081067.   9289588.

436.    21025820.   9199014.

444.    21030922.   9230500.

452.    21049101.   9244552.

460.    21034496.   9210066.

468.    20914456.   9118351.

476.    20911375.   9173725.

484.    20869558.   9138912.

492.    20878518.   9138366.

500.    20797590.   9111506.

508.    20789654.   9070413.

516.    20737772.   9107486.

524.    20755502.   9100291.

532.    20685918.   9046406.

540.    20642751.   9038447.

548.    20666542.   9072558.

556.    20580239.   9046244.

564.    20578503.   9024357.

572.    20529198.   9044753.

580.    20550591.   9042065.

588.    20546453.   9053858.

596.    20503276.   9020138.

604.    20472730.   9006001.

612.    20430216.   8969254.

620.    20415306.   8957124.

628.    20470259.   9001250.

636.    20440839.   8953850.

644.    20348283.   8937419.

652.    20330461.   8918362.

660.    20364883.   8937107.

668.    20352455.   8873433.

676.    20318295.   8914268.

684.    20285186.   8882821.

692.    20299736.   8873130.

700.    20257066.   8874584.

708.    20247409.   8851556.

716.    20210385.   8889821.

724.    20254026.   8845165.

732.    20239413.   8861605.

740.    20198697.   8830057.

748.    20182879.   8827296.

756.    20157120.   8901074.

764.    20136251.   8819107.

772.    20133710.   8799675.

780.    20119454.   8795589.

788.    20082216.   8814070.

796.    20140203.   8785040.

804.    20071812.   8834453.

812.    20057054.   8770953.

820.    20069195.   8805440.

828.    20023286.   8753573.

836.    20098014.   8782636.

844.    20045307.   8801873.

852.    20006052.   8736030.

860.    20024344.   8801664.

868.    20010709.   8760997.

876.    19999048.   8793674.

884.    19953806.   8766882.

892.    19981490.   8800336.

900.    19986583.   8703797.

908.    19967457.   8723940.

916.    19974546.   8724205.

924.    19966891.   8774640.

932.    19937111.   8760208.

940.    19922810.   8716587.

948.    19961591.   8748525.

956.    19951554.   8772743.

964.    19920726.   8702819.

972.    19991949.   8727521.

980.    19879317.   8743761.

988.    19909688.   8655147.

996.    19898657.   8722493.

1004.   19870412.   8714444.

1012.   19848950.   8751461.

1020.   19854436.   8706350.

1028.   19867313.   8730795.

1036.   19844518.   8706307.

1044.   19856657.   8706701.

1052.   19846482.   8712459.

1060.   19850175.   8697780.

1068.   19839961.   8730873.

1076.   19818285.   8685903.

1084.   19802030.   8693304.

1092.   19825472.   8702721.

1100.   19797431.   8722721.

1108.   19833856.   8668338.

1116.   19789774.   8641886.

1124.   19792156.   8667289.

1132.   19795269.   8705982.

1140.   19817974.   8678108.

1148.   19811078.   8675401.

1156.   19760063.   8695928.

1164.   19738855.   8657550.

1172.   19758128.   8672588.

1180.   19807326.   8680054.

1188.   19756783.   8675007.

1196.   19684223.   8686778.

1204.   19798023.   8664400.

1212.   19757067.   8634411.

1220.   19730985.   8688408.

1228.   19712811.   8682175.

1236.   19711875.   8734488.

1244.   19682748.   8716070.

1252.   19739659.   8645762.

1260.   19729651.   8702314.

1268.   19766284.   8625547.

1276.   19740364.   8676501.

1284.   19719740.   8661691.

1292.   19745766.   8644825.

1300.   19702730.   8677926.

1308.   19761839.   8642376.

1316.   19686271.   8654883.

1324.   19722464.   8680949.

1332.   19652888.   8620257.

1340.   19735351.   8647634.

1348.   19724831.   8651892.

1356.   19668865.   8657874.

1364.   19688748.   8686047.

1372.   19750914.   8638294.

1380.   19631682.   8700891.

1388.   19676311.   8645155.

1396.   19633143.   8629307.

1404.   19607889.   8683729.

1412.   19637417.   8683897.

1420.   19677151.   8670450.

1428.   19702265.   8636715.

1436.   19654395.   8654848.

1444.   19672730.   8657411.

1452.   19648837.   8711413.

1460.   19641239.   8659772.

1468.   19680538.   8642617.

1476.   19608459.   8629308.

1484.   19687618.   8621456.

1492.   19686208.   8695972.

1500.   19664875.   8642817.

1508.   19681257.   8647155.

1516.   19643083.   8661742.

1524.   19634771.   8608145.

1532.   19659129.   8619505.

1540.   19663578.   8625935.

1548.   19621564.   8633486.

1556.   19628075.   8608088.

1564.   19657301.   8653815.

1572.   19664984.   8681919.

1580.   19691179.   8633181.

1588.   19599791.   8649519.

1596.   19609965.   8648467.

1604.   19630354.   8662041.

1612.   19654020.   8638790.

1620.   19632721.   8635306.

1628.   19604311.   8611067.

1636.   19630947.   8673050.

1644.   19639104.   8668277.

1652.   19579007.   8657869.

1660.   19626579.   8635598.

1668.   19647096.   8636811.

1676.   19600007.   8680495.

1684.   19588069.   8655862.

1692.   19657260.   8629243.

1700.   19590982.   8647684.

1708.   19570683.   8677857.

1716.   19560196.   8659130.

1724.   19581269.   8626890.

1732.   19579452.   8645265.

1740.   19640545.   8637733.

1748.   19592317.   8619120.

1756.   19584614.   8610999.

1764.   19571792.   8658765.

1772.   19594176.   8621449.

1780.   19521687.   8634289.

1788.   19604030.   8674036.

1796.   19607856.   8589366.

1804.   19490985.   8595840.

1812.   19521994.   8651538.

1820.   19497774.   8612200.

1828.   19514568.   8552308.

1836.   19550700.   8633924.

1844.   19529415.   8638288.

1852.   19542790.   8594098.

1860.   19508787.   8624742.

1868.   19490032.   8631938.

1876.   19556310.   8664734.

1884.   19498882.   8600269.

1892.   19451680.   8623693.

1900.   19505711.   8611291.

1908.   19531660.   8609867.

1916.   19427229.   8646985.

1924.   19452889.   8629452.

1932.   19529114.   8631847.

1940.   19448164.   8629312.

1948.   19427450.   8574095.

1956.   19457592.   8599667.

1964.   19444781.   8618756.

1972.   19510982.   8636511.

1980.   19403241.   8607430.

1988.   19419544.   8633401.

1996.   19482873.   8618594.

2004.   19350629.   8583728.

2012.   19419237.   8608942.

2020.   19427501.   8574980.

2028.   19426137.   8577357.

2036.   19393450.   8602774.

2044.   19375732.   8600820.

2052.   19379755.   8580278.

2060.   19374021.   8543992.

2068.   19354365.   8559737.

2076.   19380832.   8620909.

2084.   19363671.   8552192.

2092.   19270383.   8528636.

2100.   19356818.   8560459.

2108.   19329284.   8554638.

2116.   19324722.   8585138.

2124.   19291248.   8522082.

2132.   19269040.   8587640.

2140.   19301004.   8529998.

2148.   19244776.   8527281.

2156.   19275023.   8564856.

2164.   19327775.   8581464.

2172.   19257234.   8584017.

2180.   19267056.   8522512.

2188.   19227713.   8514881.

2196.   19304120.   8535528.

2204.   19226420.   8552861.

2212.   19227370.   8515800.

2220.   19218214.   8499312.

2228.   19236180.   8525726.

2236.   19242553.   8540658.

2244.   19208858.   8506161.

2252.   19192147.   8538495.

2260.   19227564.   8508869.

2268.   19209128.   8468607.

2276.   19251722.   8493062.

2284.   19194914.   8512519.

2292.   19138917.   8527198.

2300.   19188975.   8501218.

2308.   19203962.   8496677.

2316.   19157018.   8537390.

2324.   19191617.   8444556.

2332.   19172553.   8468262.

2340.   19134648.   8507959.

2348.   19145872.   8512403.

2356.   19081315.   8522859.

2364.   19079719.   8520224.

2372.   19050430.   8529085.

2380.   19054019.   8433730.

2388.   19137471.   8461707.

2396.   19042595.   8450630.

2404.   19063684.   8473652.

2412.   19030443.   8505584.

2420.   19035385.   8479213.

2428.   19086256.   8493113.

2436.   19070385.   8440378.

2444.   19024435.   8526246.

2452.   19003864.   8463048.

2460.   19042206.   8464405.

2468.   18957921.   8463134.

2476.   19034436.   8452315.

2484.   18998029.   8466837.

2492.   19024119.   8460574.

2500.   19003218.   8430026.

2508.   18990440.   8473561.

2516.   18975221.   8445058.

2524.   18944448.   8470380.

2532.   18933188.   8465290.

2540.   19022302.   8441298.

2548.   18957546.   8435484.

2556.   18965552.   8392580.

2564.   18933084.   8399262.

2572.   18916020.   8402242.

2580.   18911239.   8464677.

2588.   18894284.   8412662.

2596.   18909494.   8429867.

2604.   18911364.   8443381.

2612.   18859823.   8379951.

2620.   18890700.   8433351.

2628.   18889382.   8470024.

2636.   18832392.   8410639.

2644.   18848279.   8367556.

2652.   18882114.   8394501.

2660.   18833668.   8419485.

2668.   18851895.   8407267.

2676.   18837576.   8405351.

2684.   18799065.   8366513.

2692.   18820493.   8355657.

2700.   18863924.   8386324.

2708.   18810591.   8394679.

2716.   18806405.   8410340.

2724.   18832369.   8355812.

2732.   18818939.   8333911.

2740.   18800956.   8354107.

2748.   18782774.   8386450.

2756.   18796598.   8361871.

2764.   18714601.   8344924.

2772.   18725768.   8343960.

2780.   18764011.   8363940.

2788.   18754651.   8357406.

2796.   18736531.   8331037.

2804.   18733965.   8351298.

2812.   18667775.   8302593.

2820.   18658677.   8382862.

2828.   18697866.   8364756.

2836.   18737513.   8305249.

2844.   18701542.   8317964.

2852.   18761003.   8302176.

2860.   18736266.   8310345.

2868.   18695650.   8302901.

2876.   18700139.   8344751.

2884.   18653620.   8314724.

2892.   18693663.   8312591.

2900.   18652872.   8301475.

2908.   18624484.   8270748.

2916.   18698471.   8286841.

2924.   18721462.   8298800.

2932.   18667742.   8290687.

2940.   18669689.   8323708.

2948.   18638031.   8308486.

2956.   18705291.   8307957.

2964.   18619907.   8304179.

2972.   18640315.   8333975.

2980.   18589440.   8316560.

2988.   18598236.   8306591.

2996.   18571480.   8255647.

3004.   18626189.   8311350.

3012.   18576871.   8297272.

3020.   18612503.   8289409.

3028.   18566342.   8321656.

3036.   18583247.   8303090.

3044.   18619072.   8276274.

3052.   18577275.   8268753.

3060.   18565169.   8265886.

3068.   18559659.   8239113.

3076.   18510891.   8245160.

3084.   18489631.   8260993.

3092.   18510677.   8219605.

3100.   18527107.   8275590.

3108.   18585033.   8244445.

3116.   18516169.   8254948.

3124.   18537806.   8249903.

3132.   18487211.   8220324.

3140.   18519274.   8241262.

3148.   18531227.   8212944.

3156.   18507942.   8223710.

3164.   18480857.   8237753.

3172.   18489256.   8247469.

3180.   18502195.   8231622.

3188.   18508469.   8244110.

3196.   18446480.   8206474.

3204.   18467318.   8235259.

3212.   18464021.   8214608.

3220.   18447108.   8234302.

3228.   18427022.   8180362.

3236.   18499490.   8177835.

3244.   18447141.   8216788.

3252.   18413483.   8205136.

3260.   18408887.   8227848.

3268.   18432557.   8183510.

3276.   18444762.   8155451.

3284.   18429838.   8215262.

3292.   18362944.   8184272.

3300.   18415497.   8214231.

3308.   18390258.   8200375.

3316.   18444907.   8223809.

3324.   18381251.   8159116.

3332.   18360334.   8158525.

3340.   18392381.   8193983.

3348.   18392050.   8179201.

3356.   18392446.   8206362.

3364.   18437322.   8120470.

3372.   18382381.   8213041.

3380.   18394112.   8194836.

3388.   18341384.   8169582.

3396.   18360871.   8200276.

3404.   18374909.   8139461.

3412.   18281117.   8144625.

3420.   18334401.   8149051.

3428.   18365786.   8218536.

3436.   18320373.   8191816.

3444.   18338961.   8144697.

3452.   18356692.   8103567.

3460.   18326243.   8169478.

3468.   18332712.   8116613.

3476.   18315062.   8185346.

3484.   18287869.   8127610.

3492.   18303510.   8151588.

3500.   18281975.   8149386.

3508.   18311077.   8188446.

3516.   18281222.   8105263.

3524.   18248880.   8116213.

3532.   18256246.   8113104.

3540.   18321977.   8123666.

3548.   18285600.   8154991.

3556.   18288317.   8121138.

3564.   18266571.   8124576.

3572.   18244148.   8122374.

3580.   18208510.   8156390.

3588.   18249436.   8108434.

3596.   18237986.   8093773.

3604.   18224415.   8141894.

3612.   18225263.   8136641.

3620.   18167860.   8073853.

3628.   18221967.   8142309.

3636.   18235176.   8106894.

3644.   18189754.   8084201.

3652.   18239229.   8094089.

3660.   18199052.   8113220.

3668.   18186226.   8136049.

3676.   18162626.   8051472.

3684.   18146181.   8067902.

3692.   18151098.   8102301.

3700.   18180204.   8054268.

3708.   18201437.   8097338.

3716.   18166048.   8125023.

3724.   18212392.   8097685.

3732.   18166210.   8094907.

3740.   18159145.   8083634.

3748.   18169184.   8078482.

3756.   18160300.   8047023.

3764.   18137290.   8080575.

3772.   18153360.   8054258.

3780.   18160887.   8082564.

3788.   18130481.   8058984.

3796.   18130383.   8106396.

3804.   18092920.   8066418.

3812.   18100665.   8073166.

3820.   18085563.   8047515.

3828.   18063089.   8076220.

3836.   18098956.   8073090.

3844.   18055345.   8065834.

3852.   18128960.   8049055.

3860.   18052116.   8051603.

3868.   18051141.   8132959.

3876.   18063004.   8032599.

3884.   18110133.   8020490.

3892.   18064148.   8010358.

3900.   18093003.   8022856.

3908.   18078701.   8030353.

3916.   18065854.   8045603.

3924.   18036969.   8011325.

3932.   18001815.   8029380.

3940.   18009275.   7996233.

3948.   18052116.   8035335.

3956.   17988662.   7980207.

3964.   18016437.   8005393.

3972.   18019198.   8009926.

3980.   18018268.   7989496.

3988.   18033677.   8020363.

3996.   17998676.   8019535.

4004.   18035711.   8008680.

4012.   17986017.   8001902.

4020.   18048001.   8059659.

4028.   18001031.   7961987.

4036.   17948520.   7954613.

4044.   17992070.   8002001.

4052.   17977098.   8024970.

4060.   17920733.   7951569.

4068.   17986823.   8025027.

4076.   17932375.   7934837.

4084.   17938064.   8014353.

4092.   17934208.   7942817.

4100.   17904902.   7974822.

4108.   17923107.   7936489.

4116.   17920549.   7964535.

4124.   17881248.   7971003.

4132.   17886040.   7976270.

4140.   17944439.   7974387.

4148.   17878437.   7992400.

4156.   17876563.   7939183.

4164.   17880927.   7939601.

4172.   17883434.   7948728.

4180.   17823021.   7948940.

4188.   17914684.   7923105.

4196.   17866244.   7914905.

4204.   17898816.   7920761.

4212.   17807819.   7969298.

4220.   17887331.   7878349.

4228.   17834819.   7898167.

4236.   17838324.   7975523.

4244.   17824555.   7964990.

4252.   17857759.   7933029.

4260.   17806547.   7894837.

4268.   17821879.   7921102.

4276.   17824608.   7887712.

4284.   17795659.   7908216.

4292.   17765273.   7913580.

4300.   17771904.   7913311.

4308.   17804128.   7915392.

4316.   17790258.   7891188.

4324.   17744561.   7911482.

4332.   17744434.   7901490.

4340.   17735475.   7862282.

4348.   17768157.   7901889.

4356.   17743106.   7850530.

4364.   17702791.   7909180.

4372.   17755448.   7900258.

4380.   17716622.   7928696.

4388.   17684023.   7895506.

4396.   17729523.   7890072.

4404.   17772105.   7906104.

4412.   17716623.   7912460.

4420.   17726692.   7826728.

4428.   17682322.   7790236.

4436.   17709299.   7864296.

4444.   17691824.   7859299.

4452.   17697847.   7861768.

4460.   17651383.   7879877.

4468.   17683113.   7883607.

4476.   17692382.   7823670.

4484.   17638462.   7843129.

4492.   17664755.   7829988.

4500.   17675607.   7832967.

4508.   17675307.   7852584.

4516.   17637965.   7853411.

4524.   17644919.   7844624.

4532.   17606426.   7774707.

4540.   17654726.   7806441.

4548.   17608485.   7784750.

4556.   17691690.   7837125.

4564.   17622532.   7785528.

4572.   17568130.   7823655.

4580.   17609747.   7785155.

4588.   17555742.   7777859.

4596.   17586718.   7810478.

4604.   17572695.   7768260.

4612.   17570630.   7857353.

4620.   17549233.   7774913.

4628.   17593012.   7775091.

4636.   17566449.   7788342.

4644.   17582532.   7797710.

4652.   17575026.   7817350.

4660.   17516408.   7770733.

4668.   17607322.   7834450.

4676.   17561199.   7757323.

4684.   17543202.   7771075.

4692.   17521815.   7748663.

4700.   17530960.   7780213.

4708.   17534113.   7784503.

4716.   17521683.   7722378.

4724.   17521121.   7812407.

4732.   17544048.   7774392.

4740.   17550296.   7787808.

4748.   17522153.   7755326.

4756.   17499316.   7769854.

4764.   17565281.   7783587.

4772.   17475271.   7779042.

4780.   17545796.   7784046.

4788.   17513253.   7764139.

4796.   17515935.   7755897.

4804.   17461956.   7774132.

4812.   17491359.   7725842.

4820.   17477059.   7736371.

4828.   17433877.   7748654.

4836.   17456132.   7716259.

4844.   17472766.   7726776.

4852.   17443868.   7700801.

4860.   17449698.   7748869.

4868.   17457742.   7715055.

4876.   17412586.   7722417.

4884.   17439149.   7717040.

4892.   17413803.   7734807.

4900.   17467689.   7730708.

4908.   17421928.   7745921.

4916.   17439892.   7704435.

4924.   17398764.   7699778.

4932.   17385570.   7739651.

4940.   17392754.   7725307.

4948.   17367561.   7738270.

4956.   17438043.   7697066.

4964.   17401477.   7654893.

4972.   17419153.   7676661.

4980.   17430436.   7698087.

4988.   17353256.   7697738.

4996.   17448032.   7709273.

5004.   17350381.   7661066.

5012.   17407713.   7668679.

5020.   17341694.   7726352.

5028.   17353025.   7658227.

5036.   17382715.   7645714.

5044.   17373432.   7663693.

5052.   17415886.   7703695.

5060.   17398776.   7678036.

5068.   17372506.   7620081.

5076.   17333157.   7657343.

5084.   17358799.   7682300.

5092.   17331728.   7679543.

5100.   17366630.   7642853.

5108.   17298739.   7715722.

5116.   17328813.   7646366.

5124.   17334614.   7608979.

5132.   17340347.   7647554.

5140.   17335106.   7613363.

5148.   17306119.   7548093.

5156.   17264622.   7614131.

5164.   17303828.   7581371.

5172.   17293489.   7596775.

5180.   17282929.   7583103.

5188.   17244851.   7588393.

5196.   17202585.   7536736.

5204.   17366890.   7569569.

5212.   17330680.   7626148.

5220.   17262106.   7593050.

5228.   17272922.   7569165.

5236.   17250881.   7579821.

5244.   17296047.   7621047.

5252.   17201956.   7597336.

5260.   17256168.   7596560.

5268.   17296832.   7624757.

5276.   17307690.   7594631.

5284.   17242026.   7570093.

5292.   17216206.   7585737.

5300.   17248066.   7538576.

5308.   17247350.   7517057.

5316.   17238011.   7577531.

5324.   17258411.   7527270.

5332.   17229444.   7528820.

5340.   17209786.   7518787.

5348.   17211685.   7521284.

5356.   17230641.   7539774.

5364.   17244550.   7508493.

5372.   17215179.   7512904.

5380.   17240953.   7516529.

5388.   17230522.   7483733.

5396.   17200896.   7517035.

5404.   17172313.   7506928.

5412.   17190805.   7549059.

5420.   17172225.   7491177.

5428.   17142137.   7517748.

5436.   17203373.   7533454.

5444.   17193641.   7527875.

5452.   17144863.   7510110.

5460.   17217098.   7525483.

5468.   17190026.   7473331.

5476.   17149832.   7497060.

5484.   17233319.   7439078.

5492.   17226153.   7400523.

5500.   17215040.   7450530.

5508.   17180150.   7468861.

5516.   17169143.   7414904.

5524.   17130397.   7404716.

5532.   17216720.   7396838.

5540.   17203131.   7401427.

5548.   17218647.   7433173.

5556.   17219056.   7389040.

5564.   17251291.   7369143.

5572.   17170108.   7404947.

5580.   17145178.   7418696.

5588.   17112194.   7433449.

5596.   17094614.   7487585.

5604.   17150403.   7493161.

5612.   17122948.   7504929.

5620.   17060643.   7484440.

5628.   17134807.   7493070.

5636.   17076080.   7507623.

5644.   17081843.   7444673.

5652.   17044623.   7462887.

5660.   17126346.   7456667.

5668.   17123422.   7390739.

5676.   17133366.   7302253.

5684.   17192394.   7265053.

5692.   17253255.   7216332.

5700.   17177913.   7171580.

5708.   17201389.   7103618.

5716.   17211192.   7182030.

5724.   17213150.   7160186.

5732.   17196852.   7225010.

5740.   17116693.   7309598.

5748.   17059418.   7327370.

5756.   17040666.   7423506.

5764.   17022750.   7407396.

5772.   17041857.   7478063.

5780.   17004316.   7518304.

5788.   16969529.   7540256.

5796.   17014529.   7611519.

5804.   16938951.   7611980.

5812.   16977395.   7476083.

5820.   16974208.   7500126.

5828.   17018394.   7417500.

5836.   17018655.   7256138.

5844.   17162661.   7161468.

5852.   17196674.   7026285.

5860.   17282303.   6872436.

5868.   17299198.   6741722.

5876.   17311589.   6699247.

5884.   17376836.   6738535.

5892.   17310738.   6733127.

5900.   17269271.   6763103.

5908.   17224713.   6860070.

5916.   17179024.   6970355.

5924.   17168894.   7057736.

5932.   17079355.   7211101.

5940.   16985176.   7307917.

5948.   16992421.   7403972.

5956.   17261486.   6994434.